5993780795939810406
10.0
2092911762,-686066542
1616124008,-573586636
1571435725,-105786612
682968314,751406877
358755490,-306181678
1672543610,926006475
669477996,-202781132
1231108851,-345025432
164850073,397715933
141380045,-546372618
63911939,-902137236
2075333606,-370688282
1771860061,431017451
603021873,539753503
471861685,841206091
1109387111,81792742
1438374724,961802751
1453614166,289284459
79791719,-384704586
615531118,115813392
839878994,212259721
206233550,901234989
245054824,-376297176
1518754868,-608022652
930778473,-697606080
