318279984150793221
42.0
2070229688,66880332
-1151795434,344984459
-902322789,221414083
-996398348,183573162
-1548332748,354893355
1590052040,-172630632
-739226074,249164846
-1275616711,-56055591
1315204901,-35243898
-2144079452,-178085703
42144816,274319610
1012445174,-188838880
533218638,-139031929
-1318743793,-24262670
-1663369451,1321665
-1815805116,90696506
329456411,67651062
-1737328515,-334982954
2002262009,166934217
1164326905,-152701587
-1990827786,-221478216
-1129871639,-10436274
-767743316,-175052385
1602173021,-41273175
753763563,362917760
