4845019604281180574
42.0
1259816449,133981565
13602598,189855126
1956349401,-235460222
1897237957,-185809852
-960059236,-123587772
25540857,-219079323
1956389512,191080586
1149035699,-247459472
526232823,-14344990
1379832005,48781887
1897657652,272805085
1579718824,-174015385
1174079528,152242403
1818065356,-309088642
-1746681165,-110979030
1918052197,127067216
158947618,237476940
-1485177836,62365822
-1930896191,-139636703
887073239,162949889
-1791672107,63918333
-1960570370,168162204
-800395813,-282192207
687071090,63401781
2140011589,-351532703
