349811054722835720
10.0
1709595078,404817425
1500705482,831903791
276740760,-863278532
164879887,604307997
1831312697,-83116014
1063648869,-883279326
-2044778278,363368363
1179435208,-97895376
1948257715,-735821366
86779374,-877958700
1493222766,563264795
1082767075,966788205
1713125583,-892564320
2044912010,695216097
1513891335,-953244144
560245426,-492893812
746428815,-25708276
1349750980,-779658906
1872533052,310157589
1589250804,16949908
391743370,152406095
830881969,408819039
1251062511,-879455392
-2081572971,-322601128
529321686,963860317
