1905602961588283903
10.0
1639688284,642554641
550703979,-696210808
253003042,-57242893
1851312033,970533589
-2084464857,572602009
1044935433,101486837
242919174,573882911
1069931879,349715489
1512411327,-862316916
1052624116,455754155
1181470195,-131122822
1317696830,241374043
75315379,-681958788
1006191679,-258968974
75656669,739297381
1307102694,993939155
2036120529,-165236868
554320634,-104549422
1875674421,122105573
340416337,-9684386
-2108954960,488131009
1778549107,226839069
2011618827,-261173214
1621635501,845806201
1308983085,-15127718
